I have 2 threads 
n: 1024, time: 0.077086 seconds 
n: 2048, time: 0.344601 seconds 
n: 8192, time: 3.329381 seconds 
