I have 4 threads 
n: 1024, time: 0.160966 seconds 
n: 2048, time: 0.623850 seconds 
n: 8192, time: 9.121344 seconds 
