I have 4 threads 
n: 1024, time: 0.150990 seconds 
n: 2048, time: 0.612051 seconds 
n: 8192, time: 11.503281 seconds 
