I have 1 threads (serial)
n: 1024, time: 0.054436 seconds
n: 2048, time: 0.225270 seconds
n: 8192, time: 4.372810 seconds
